3,2
10,178
10,85
10,281
10,302
10,147
10,164
10,74
10,294
11,9
11,30
11,24
11,26
8,11
8,4
8,12
48,5
48,4
48,3
48,2
48,1
48,0
45,4
45,3
45,2
45,1
45,0
44,5
44,4
44,3
44,2
44,1
44,0
43,4
43,3
43,2
43,1
43,0
42,4
42,3
42,2
42,1
42,0
41,4
41,3
41,2
41,1
41,0
40,3
40,2
40,1
40,0
20,3
20,2
20,1
19,3
19,2
19,1
18,3
18,1
14,1
14,3
12,3
13,1
12,2
13,3
12,1
11,23
11,22
11,20
11,17
11,14
11,13
11,12
11,11
11,7
11,6
11,5
11,4
11,3
11,2
11,1
10,306
10,298
10,290
10,282
10,259
10,224
10,221
10,190
10,151
10,145
10,107
10,67
10,33
10,27
10,3
10,2
10,1
9,7
9,5
9,3
9,2
9,1
